133 -9.74153 2.11009 -0.00329635 0.00264037
132 -9.57728 -0.704529 0.00202699 -0.000152726
334 -7.42814 7.03458 0.000491356 -0.000949156
333 -7.35397 5.12038 0.000209583 -0.000635054
223 -4.53558 5.83875 0.000422696 -0.000836245
222 -4.45529 2.82786 0.00043386 -0.000990474
220 -4.28861 -2.79965 2.53476e-05 -0.00220112
144 -2.95886 5.27803 0.00187814 -0.000778512
143 -2.87074 2.06864 -0.00324118 0.00323773
343 -2.24962 5.34736 -0.000234557 -0.000123922
141 -2.7486 -3.64305 0.00232246 -0.000422544
340 -2.12316 -1.58017 0.000556542 0.000582657
452 -1.14384 4.70707 -0.000287632 -0.000152551
451 -1.08835 1.61545 0.000106686 -0.000961894
450 -1.13463 -1.49777 -0.000221148 0.00105852
462 1.95984 4.71155 -0.000732587 0.00062728
461 1.97441 1.56338 -0.000770333 -0.000461024
460 1.86615 -1.58646 -0.00102801 0.000738388
154 3.74561 5.31519 0.000341315 -0.00105092
152 3.65717 -1.09397 -0.00128093 -0.000343505
352 4.16873 2.82971 0.000954365 0.000577106
353 4.20674 5.32939 0.000590189 0.00032778
472 5.30739 4.69051 0.000254651 0.00110243
471 5.22576 1.51166 0.000434497 -0.000106106
470 5.26279 -1.68429 0.000563324 -0.000650578
481 8.32759 1.46162 0.000507471 -0.000480135
480 8.27714 -1.76862 -6.95136e-05 0.000378674
363 9.92771 5.51078 -0.000452713 0.000172177
362 9.80205 2.84157 0.000597831 0.000314463
361 9.6632 0.280427 -0.000369298 0.000111324
360 9.53295 -2.12567 -0.000733051 -0.000572429
