432 -10.6823 4.49168 0.00216672 -0.00100682
431 -10.4799 1.21767 0.000767772 -0.00186294
430 -10.2586 -2.02532 -0.00440086 0.00399994
133 -9.02508 1.74331 0.0017246 -0.00184594
132 -8.83854 -1.34858 0.00121494 -0.00152031
334 -9.05926 7.10713 -0.000860146 0.000531899
331 -8.65813 0.134658 0.000869333 -0.00133579
330 -8.5278 -2.07176 -0.0017349 0.00315763
442 -7.10604 4.57047 0.000943616 -0.000575079
440 -6.80142 -1.83255 -0.000897105 -0.00131418
223 -4.16839 5.81011 -0.00289458 0.00462646
222 -4.08726 2.68408 0.00121261 -0.000733191
221 -3.99274 -0.368079 0.0014082 -0.00133496
220 -3.9095 -3.16059 0.00195574 -0.00217987
452 -3.78486 4.62914 0.000962125 -0.000599276
450 -3.64599 -1.70229 -0.000328782 -3.35436e-05
343 -3.27523 5.295 0.000855832 1.4616e-05
144 -1.36157 5.24418 -0.00352933 0.00441695
143 -1.30331 1.99619 0.00104826 -0.000367171
462 -0.648225 4.67201 -4.67963e-05 -0.000391428
461 -0.579014 1.56214 -0.00023308 -9.89889e-05
460 -0.612509 -1.55774 0.000452278 0.000514654
472 2.52263 4.69018 0.000210307 -0.000696737
471 2.50382 1.65088 -0.000658964 -8.04837e-05
353 3.06227 5.30315 0.000199944 -0.000749094
352 3.05084 2.91478 0.000220113 4.60018e-05
154 5.09105 5.2991 -0.000870177 -0.00131507
363 8.01607 5.48498 0.000580666 -0.00205803
362 7.94555 3.07488 -0.00317792 0.000266537
361 7.84672 0.754313 0.00271247 1.15061e-05
360 7.76746 -1.43474 -0.00169075 0.000547132
491 8.10479 1.8037 0.001786 0.000226155
492 8.14429 4.72929 -0.0012575 0.00111362
502 10.8044 4.73515 0.000892709 -0.00148321
501 10.6345 1.874 0.00267909 -0.000353915
490 8.00553 -1.12364 -0.0016187 0.00101303
500 10.506 -0.993793 -0.000663738 0.0014499
