134 -9.91423 5.22251 0.00116165 -0.00129639
133 -9.74153 2.11009 -0.00435386 0.00290804
132 -9.57728 -0.704529 0.000906449 -9.49902e-05
131 -9.41147 -3.31159 0.000761395 0.00122087
334 -7.42814 7.03458 0.000225375 -0.000662756
333 -7.35397 5.12038 0.000323437 -0.000520874
332 -7.246 2.83726 -0.000638122 -8.04267e-05
223 -4.53558 5.83875 0.000560731 -0.000860683
222 -4.45529 2.82786 0.000429212 -0.000856344
220 -4.28861 -2.79965 -0.000304213 -0.00247832
142 -2.81163 -0.933707 0.00143644 -0.00180265
441 -3.94114 1.6559 -0.00120838 0.000263406
144 -2.95886 5.27803 0.00202232 -0.000720995
143 -2.87074 2.06864 -0.00319604 0.00325282
343 -2.24962 5.34736 6.39516e-07 -7.04123e-05
342 -2.20113 2.89581 0.00193443 -0.000509879
141 -2.7486 -3.64305 0.00208236 -0.00113036
340 -2.12316 -1.58017 0.000573602 0.000493627
452 -1.14384 4.70707 -4.22153e-05 -5.03969e-06
451 -1.08835 1.61545 0.00034598 -0.000666672
450 -1.13463 -1.49777 -0.000104882 0.00118282
462 1.95984 4.71155 -0.000582982 0.000650373
461 1.97441 1.56338 -0.000423915 -0.000275197
460 1.86615 -1.58646 -0.000741663 0.000767518
154 3.74561 5.31519 0.000780482 -0.00125211
153 3.71901 2.00731 -0.00333572 0.00318262
152 3.65717 -1.09397 -0.000481282 -0.000956752
352 4.16873 2.82971 0.00128974 0.000519235
353 4.20674 5.32939 0.000611054 8.19797e-05
472 5.30739 4.69051 -9.36732e-05 0.000862326
471 5.22576 1.51166 0.000445122 -7.7773e-05
470 5.26279 -1.68429 0.000569478 -0.000617622
482 8.41625 4.68448 -0.000230575 -0.000217187
481 8.32759 1.46162 -0.000175403 -0.00055879
480 8.27714 -1.76862 -0.000651752 0.000415958
363 9.92771 5.51078 0.000565126 0.000778717
362 9.80205 2.84157 0.000658146 0.000202681
361 9.6632 0.280427 -0.000444097 -0.000128672
360 9.53295 -2.12567 -0.000674399 -0.000942104
