232			
119	6898.568150	2059.144872	3896.055410     1
118	6900.617333	2059.183871	3516.335725     1
117	6902.080013	2061.346737	3118.907516     1
116	6903.750204	2060.512830	2734.766311     1
115	6903.885184	2060.015151	2336.518141     1
114	6903.387603	2058.114135	1948.428806     1
113	6902.954069	2056.677835	1562.952059     1
112	6902.926951	2055.545918	1168.179596     1
111	6900.872744	2056.149994	768.368254      1
129	6884.527031	2951.819690	3898.977255     1
128	6885.112667	2952.754909	3515.051227     1
127	6886.151438	2951.204368	3133.750784     1
126	6886.642374	2951.411821	2756.558898     1
125	6887.358154	2951.326159	2350.29172      1
124	6887.917389	2952.092951	1964.134253     1
123	6888.052765	2951.255991	1571.870912     1
122	6887.682215	2951.932776	1179.78374      1
121	6887.214027	2951.610422	780.762913      1
130	6877.318430	3947.631901	3910.070899     1
139	6877.729582	3947.619235	3581.116215     1
138	6878.742785	3947.657696	3188.38627      1
137	6879.569287	3948.407292	2790.861733     1
136	6879.645584	3947.852171	2487.64009      1
135	6880.560801	3948.788115	2180.819808     1
134	6880.503627	3951.182620	1883.072118     1
133	6880.398676	3948.129473	1493.778471     1
132	6880.166942	3948.379850	1124.396105     1
131	6878.685194	3947.180884	745.876238      1
140	6871.702763	4847.468994	3906.01997      1
149	6871.088524	4848.100175	3523.860899     1
148	6871.344669	4849.115168	3175.175416     1
147	6871.272726	4849.023963	2783.586692     1
146	6872.005462	4847.740988	2488.784413     1
145	6871.725318	4849.184065	2180.009507     1
144	6871.315637	4847.821004	1882.948138     1
143	6873.491934	4849.675060	1495.761574     1
142	6873.855483	4849.508738	1119.867034     1
141	6873.483528	4848.280022	750.132753      1
151	6870.79234	5648.47130	750.24136       1
152	6868.89405	5647.05058	1122.69454      1
153	6868.33158	5647.58298	1498.61045      1
154	6866.18976	5645.40537	1884.47706      1
155	6866.82853	5644.14665	2182.44526      1
156	6866.43171	5644.90487	2483.34694      1
157	6866.48160	5645.32871	2782.10106      1
158	6866.23481	5645.03300	3178.82289      1
159	6864.75870	5644.17220	3524.61262      1
150	6866.48566	5646.48201	3902.52589      1
161	6868.93738	6589.78325	753.02122       1
162	6868.05566	6586.32922	1129.499        1
163	6866.92366	6586.10016	1536.88917      1
164	6866.41689	6586.19739	1926.04379      1
165	6866.05038	6585.24154	2311.71593      1
166	6865.86615	6586.25145	2723.28613      1
167	6865.82339	6585.88073	3112.26825      1
168	6864.95430	6586.78283	3528.86956      1
169	6866.310040	6587.54796	3902.23324      1
179	6865.080073	7435.362721	3904.186381     1
178	6864.548952	7434.469783	3533.678113     1
177	6865.076113	7435.538592	3116.537501     1
176	6865.312479	7436.168604	2728.605097     1
175	6864.120436	7437.106577	2316.534681     1
174	6865.541590	7437.774595	1931.128443     1
173	6863.430990	7438.540198	1539.92569      1
172	6864.757701	7440.485593	1131.285978     1
171	6862.727777	7443.322530	764.141484      1
218	7330.435123	3139.270001	3894.024218     1
217	7330.695030	3139.580934	3488.368254     1
216	7329.871048	3135.284757	3112.388368     1
215	7330.633213	3135.819930	2732.293718     1
214	7330.914702	3136.078495	2332.554988     1
213	7331.594650	3134.939906	1941.205881     1
212	7331.954239	3134.819197	1564.949912     1
211	7332.920086	3134.986926	1166.291142     1
210	7333.658692	3135.229264	768.849656      1
228	7257.505314	4534.406911	3902.587194     1
227	7257.121184	4533.722340	3587.704224     1
226	7257.479106	4533.984363	3177.808999     1
225	7257.884927	4534.893062	2788.216174     1
224	7257.776493	4533.174413	2374.962165     1
223	7258.330814	4533.782298	1959.413812     1
222	7258.920650	4532.959199	1554.449385     1
221	7259.796326	4532.895609	1146.331324     1
220	7260.926545	4530.677017	744.737401      1
318	7953.029862	2153.557847	3900.236413     1
317	7956.536362	2155.486181	3512.292677     1
316	7957.659995	2154.411414	3081.384021     1
315	7958.508416	2154.979748	2693.586357     1
314	7959.203584	2155.172738	2318.794838     1
313	7959.695659	2153.687867	1907.381475     1
312	7960.052714	2153.656595	1526.033957     1
311	7959.958482	2154.619894	1129.936536     1
310	7959.518430	2155.853146	749.459953      1
328	7949.736919	2953.397345	3905.564864     1
327	7950.369763	2954.896883	3511.353501     1
326	7951.079383	2955.232722	3083.335766     1
325	7951.739794	2955.631752	2692.661298     1
324	7952.435953	2955.443070	2317.566332     1
323	7952.975385	2954.307033	1898.379007     1
322	7953.325622	2954.478635	1521.345406     1
321	7953.713733	2953.966505	1130.047902     1
320	7954.034983	2953.705627	746.008581      1
339	7945.135285	3849.861063	3911.44788      1
338	7943.854466	3849.753314	3529.709947     1
337	7942.735702	3850.811511	3112.184141     1
336	7943.725005	3849.831551	2774.002869     1
335	7943.682087	3847.247288	2474.565936     1
334	7944.503487	3851.022214	2166.382547     1
333	7944.747988	3849.666267	1863.702876     1
332	7945.998414	3850.600749	1494.958953     1
331	7946.825834	3852.180229	1123.851487     1
330	7949.478131	3852.243763	743.6951        1
349	7940.526078	4695.078191	3913.217515     1
348	7940.159900	4696.079680	3546.92675      1
347	7942.053598	4695.130316	3167.373787     1
346	7942.636133	4693.011883	2778.171775     1
345	7942.640514	4692.489503	2487.26566      1
344	7942.711671	4694.610755	2199.297667     1
343	7943.698834	4693.224285	1893.353142     1
342	7945.631803	4694.438914	1509.503106     1
341	7946.353180	4695.513870	1133.85775      1
340	7947.425260	4693.917170	747.441095      1
359	7933.858826	5689.961469	3903.536088     1
358	7935.404758	5690.811077	3556.001401     1
357	7933.674027	5691.949165	3170.520361     1
356	7936.250117	5692.717709	2796.234495     1
355	7936.302816	5692.666667	2489.204224     1
350	7937.163980	5692.919590	748.3998        1
351	7938.001510	5693.672020	1130.1159       1
352	7937.163210	5694.187810	1508.25808      1
353	7937.755380	5693.505420	1887.63016      1
354	7937.000540	5692.736920	2194.47846      1
368	7931.505390	6532.172129	3911.711222     1
367	7929.938535	6535.031027	3501.321352     1
366	7927.562518	6536.307239	3115.5579       1
365	7930.479832	6535.711572	2710.511576     1
364	7929.572617	6537.325915	2304.421109     1
363	7932.110954	6535.728476	1914.757656     1
362	7931.955944	6536.649085	1523.108531     1
361	7933.641536	6536.130708	1129.024922     1
360	7934.768920	6534.848028	751.494934      1
378	7926.385928	7333.134323	3908.366104     1
377	7924.811182	7334.746146	3499.862623     1
376	7925.328791	7335.337047	3105.323171     1
375	7927.161776	7336.009365	2703.615674     1
374	7926.165820	7336.492170	2308.1097       1
373	7926.304579	7338.049883	1900.189401     1
372	7929.150134	7336.579135	1511.091237     1
371	7928.444698	7337.075871	1121.008279     1
370	7929.104546	7336.910141	747.443941      1
406	8955.985885	1667.131582	3974.297979     1
405	9026.703627	1659.965896	3574.202352     1
404	9029.799095	1636.143550	2970.802727     1
403	9030.644213	1649.726476	2371.61245      1
402	9028.973772	1656.600783	1769.356083     1
401	9028.103654	1665.067020	1169.739628     1
400	9012.142421	1686.248279	543.413774      1
416	8958.025005	2232.467006	3957.584933     1
415	9025.895311	2253.365354	3573.235653     1
414	9028.450379	2237.820186	2972.255407     1
413	9029.430719	2236.875862	2366.827965     1
412	9028.270532	2249.826003	1770.158628     1
411	9028.335338	2247.963809	1169.871312     1
410	9015.770739	2278.715577	543.399704      1
426	8960.583330	2825.867763	3974.397512     1
425	9025.075345	2826.267586	3573.302943     1
424	9027.163632	2812.443153	2971.732156     1
423	9027.600212	2816.307281	2368.885604     1
422	9026.960432	2827.200815	1770.288865     1
421	9026.901393	2830.131589	1171.662794     1
420	9015.960562	2849.374019	545.829468      1
436	8959.794831	3420.070789	3974.461231     1
435	9024.321305	3421.869558	3573.696511     1
434	9025.014391	3414.505852	2973.55229      1
433	9025.470093	3416.073801	2370.589435     1
432	9025.611182	3408.741816	1766.755692     1
431	9025.517117	3404.969519	1162.767505     1
430	9016.231535	3404.186273	545.201783      1
446	8958.148304	4025.061435	3949.165747     1
445	9023.432128	4052.315094	3573.972107     1
444	9024.219448	4063.644077	2972.3639       1
443	9024.166152	4073.933328	2370.929402     1
442	9024.298653	4049.282742	1771.033663     1
441	9023.820470	4090.699807	1171.784601     1
440	9013.117358	4048.906154	550.40425       1
456	8957.485745	4651.394071	3966.991806     1
455	9023.494621	4685.324854	3572.286941     1
454	9023.583636	4682.227284	2971.56844      1
453	9023.429954	4677.838658	2372.047192     1
452	9023.850235	4664.703429	1772.93456      1
451	9023.616087	4669.198344	1171.350951     1
450	9013.134759	4654.811493	546.652217      1
466	8957.362086	5254.227742	3946.464831     1
465	9021.573403	5274.803078	3571.839956     1
464	9022.676151	5273.095788	2973.983171     1
463	9022.602483	5274.646760	2371.919159     1
462	9022.739142	5265.125964	1773.475013     1
461	9022.540280	5271.621472	1169.907794     1
460	9011.195960	5255.648880	546.929606      1
476	8955.934310	5848.833300	3975.827121     1
475	9020.084056	5859.912323	3570.76523      1
474	9021.085564	5867.805061	2971.849251     1
473	9021.101832	5874.740736	2371.312218     1
472	9021.676194	5894.990625	1770.774095     1
471	9021.355774	5894.040588	1169.673891     1
470	9009.686748	5917.312883	546.904529      1
486	8954.289334	6470.522238	3964.365765     1
485	9017.882829	6483.001596	3573.269451     1
484	9019.754808	6474.844254	2970.669507     1
483	9019.889255	6456.483910	2372.269748     1
482	9020.382181	6465.989922	1771.698875     1
481	9020.592490	6474.265395	1169.651084     1
480	9010.027064	6490.854779	547.039807      1
496	8951.253515	7032.827664	3977.400212     1
495	9015.989946	7033.034786	3572.903468     1
494	9018.487973	7044.720796	2971.95266      1
493	9018.270132	7075.231699	2369.984909     1
492	9018.023317	7080.711208	1771.11808      1
491	9019.576833	7096.596743	1169.003415     1
490	9009.361744	7094.218289	549.343742      1
506	8949.358704	7683.968305	3965.603511     1
505	9015.423305	7682.895657	3568.924555     1
504	9016.782275	7676.211596	2969.521216     1
503	9015.743221	7674.521408	2370.429594     1
502	9015.656045	7676.763725	1768.463329     1
501	9018.161235	7673.528476	1169.12708      1
500	9008.210128	7672.979630	550.829909      1
515	9015.613681	8100.553879	3567.739907     1
514	9016.614414	8102.161910	2968.259827     1
512	9015.477928	8104.414977	1769.720471     1
511	9017.793897	8113.521054	1168.965057     1
510	9008.117297	8106.071469	548.280783      1
