232
111	4900.3527 	    55.7205 	-1232.5197 1
112	4901.7747 	    55.4432 	-832.7152  1
113	4901.9257 	    56.6452 	-438.0607  1
114	4902.3752 	    58.1170 	-52.6039   1
115	4902.9332 	    60.0279 	335.4100   1
116	4902.7715 	    60.5822 	733.6158   1
117	4901.4431 	    61.1469 	1117.7039  1
118	4899.7364 	    59.3235 	1515.0181  1
119	4898.0080 	    59.1399 	1894.7118  1
121	4887.2527 	  951.9316 	-1224.9870 1
122	4887.3930 	  952.0093 	-821.1054  1
123	4887.8351 	  951.2653 	-429.1744  1
124	4887.5927 	  952.0224 	-36.9360   1
125	4886.9903 	  951.1403 	349.1724   1
126	4886.2598 	  951.7763	751.6576   1
127	4885.6289 	  950.8163 	1132.4439  1
128	4884.6169 	  952.3264 	1513.7755  1
129	4884.0094 	  950.6437 	1895.2923  1
130	4875.7170 	1945.5154 	1908.6656  1
131	4877.4703 	1946.8126 	-1226.8589 1
132	4878.7835 	1946.2769 	-876.4610  1
133	4879.0349 	1946.6350 	-509.5316  1
134	4879.1238 	1949.0523 	-118.0412  1
135	4879.0993 	1946.6168 	179.7169   1
136	4878.3591 	1945.7800 	486.5452   1
137	4878.0239 	1946.3399 	789.5916   1
138	4877.2666 	1945.5869 	1187.0975  1
139	4876.2426 	1945.4894 	1579.8295  1
140	4871.0405 	2846.4959 	1904.6051  1
141	4873.5906 	2849.3635 	-1231.7512 1
142	4873.6725 	2848.8549 	-881.0698  1
143	4873.2263 	2848.9729 	-505.2728  1
144	4871.5357 	2847.1560 	-118.0988  1
145	4871.6103 	2848.4021 	178.8890   1
146	4871.5589 	2847.6036 	484.8269   1
147	4871.2679 	2846.5337 	779.7331   1
148	4870.8254 	2847.4029 	1173.3574  1
149	4870.6036 	2847.1418 	1522.5145  1
150	4866.0580 	3648.2525 	1901.0752  1
151	4869.9921 	3649.0578 	-1222.7428 1
152	4868.8408 	3648.5656 	-878.2805  1
153	4868.0945 	3649.1489 	-502.4445  1
154	4866.0752 	3646.9610 	-116.5398  1
155	4866.5737 	3645.7228 	181.2241   1
156	4866.2349 	3646.5151 	482.2127   1
157	4866.0805 	3646.9834 	780.8617   1
158	4866.1597 	3644.5398 	1175.0602  1
159	4864.6898 	3645.9706 	1523.4677  1
161	4869.0735 	4587.9417 	-1233.8797 1
162	4866.7520 	4586.8168 	-871.5063  1
163	4865.7476 	4586.4515 	-464.1917  1
164	4865.2655 	4586.4180 	-75.1265   1
165	4865.0410 	4585.4090 	310.4206   1
166	4864.7884 	4586.1865 	721.9780   1
167	4864.8622 	4585.7572 	1110.9603  1
168	4863.9621 	4586.5077 	1527.5239  1
169	4865.2569 	4587.1896 	1900.7025  1
171	4865.4365 	5440.4446 	-1236.9061 1
172	4867.1402 	5437.8249 	-869.7969  1
173	4865.6286 	5436.4623 	-461.2668  1
174	4866.1553 	5436.0907 	-71.0889   1
175	4865.0879 	5435.3463 	315.2550   1
176	4865.4312 	5434.9795 	729.4937   1
177	4865.4390 	5433.8856 	1116.6559  1
178	4864.2835 	5433.5518 	1532.2379  1
179	4864.4376 	5434.7153 	1902.6323  1
210	5333.8308 	1135.7201 	-1232.0423 1
211	5332.9748 	1135.4486 	-834.6517  1
212	5331.8982 	1135.3396 	-436.1520  1
213	5331.5301 	1135.5369 	-59.9004   1
214	5330.9694 	1136.4401 	331.4129   1
215	5329.8284 	1135.1947 	733.0459   1
216	5329.7697 	1135.8035 	1110.9948  1
217	5330.5150 	1139.9492 	1487.0063  1
218	5330.2256 	1139.7711 	1892.4800  1
220	5261.9398 	2531.4480 	-1241.5020 1
221	5261.2662 	2532.8313 	-854.8890  1
222	5259.9595 	2532.9986 	-446.9659  1
223	5259.1647 	2533.8912 	-42.0214   1
224	5258.2906 	2533.3711 	373.4401   1
225	5258.0926 	2535.1935 	786.6102   1
226	5257.8312 	2534.2413 	1175.7452  1
227	5256.8358 	2534.0237 	1585.9804  1
228	5256.4998 	2531.4110 	1902.1467  1
310	5958.7116 	  156.8836 	-1251.4885 1
311	5958.8269 	  155.7549	-870.9984  1
312	5958.7769 	  154.8748	-474.9703  1
313	5958.3897 	  154.9124	-93.6275   1
314	5957.9442 	  156.3995 	317.6635   1
315	5957.2340 	  156.5557 	693.3544   1
316	5956.5063 	  155.6350 	1080.1521  1
317	5955.2665 	  156.6730 	1511.0111  1
318	5952.2787 	  154.6467 	1898.9328  1
320	5952.4459 	  956.6081 	-1253.7817 1
321	5952.0865 	  956.5607	-870.7654  1
322	5951.7664 	  956.9814 	-479.6371  1
323	5951.7410 	  957.3636 	-104.2699  1
324	5951.0771 	  957.6238	316.3858   1
325	5950.5724 	  957.6906 	691.4032   1
326	5950.0617 	  957.1009 	1082.0474  1
327	5949.3409 	  956.5396 	1509.9611  1
328	5948.7932 	  954.9590 	1904.2452  1
330	5948.8670 	1849.6068 	-1223.6775 1
331	5948.1193 	1850.6742 	-877.0512  1
332	5946.9624 	1849.3561 	-506.1119  1
333	5945.5243 	1848.6433 	-137.2964  1
334	5945.0363 	1850.1544 	165.3360   1
335	5943.9237 	1846.5893 	473.2896   1
336	5943.7175 	1849.2904 	772.6657   1
337	5942.9804 	1850.3694 	1110.8832  1
338	5943.3696 	1849.5898 	1528.3513  1
339	5944.2599 	1849.9554 	1909.9155  1
340	5942.8265 	2694.0576 	-1219.0510 1
341	5943.6976 	2694.2997 	-869.5301  1
342	5942.6790 	2694.1245 	-491.5259  1
343	5941.2126 	2692.8295 	-107.5922  1
344	5940.3014 	2694.2063 	198.1817   1
345	5940.4068 	2692.9989 	484.4781   1
346	5940.8725 	2692.4879 	776.9657   1
347	5940.5784 	2694.6028 	1166.0566  1
348	5940.0877 	2693.1303 	1543.9348  1
349	5939.6771 	2694.4110 	1911.7632  1
350	5935.6213 	3694.4433 	-1206.1233 1
351	5936.7336 	3694.5766 	-870.7452  1
352	5935.8420 	3695.0199 	-492.7082  1
353	5936.6600 	3694.1814 	-113.4213  1
354	5935.6627 	3693.5189 	193.5846   1
355	5934.9818 	3693.2948 	488.0094   1
356	5935.3068 	3692.9622 	792.7535   1
357	5933.2737 	3692.3376 	1169.2688  1
358	5934.4555 	3690.8543 	1554.5688  1
359	5933.3555 	3689.9547 	1902.2097  1
360	5933.5994 	4536.5498 	-1249.8379 1
361	5933.1330 	4536.3072 	-871.8998  1
362	5930.8945 	4536.9791 	-481.3055  1
363	5931.3798 	4535.8508 	-86.3371   1
364	5929.0823 	4537.5525 	303.2739   1
365	5929.8567 	4535.8320 	709.2538   1
366	5927.5657 	4536.7154 	1114.2128  1
367	5929.3617 	4535.2369 	1499.9974  1
368	5930.8271 	4532.3348 	1910.2846  1
370	5927.8565 	5336.4229 	-1209.9196 1
371	5927.7978 	5335.4596 	-880.1785  1
372	5926.1852 	5334.6088 	-490.9909  1
373	5924.6911 	5332.6374 	-101.9771  1
374	5925.6752 	5335.7102 	304.2987   1
375	5926.2205 	5334.4638 	702.3268   1
376	5924.4977 	5333.8516 	1104.0128  1
377	5924.2526 	5333.3970 	1498.4729  1
378	5925.4425 	5331.7174 	1906.8669  1
400	7011.1973 	-313.0052 	-1457.5440 1
401	7027.2042 	-334.1977 	-831.3624  1
402	7028.0683 	-342.7854 	-231.7821  1
403	7029.7777 	-349.6367 	370.3682   1
404	7028.5433 	-362.9757 	969.4285   1
405	7025.8406 	-339.2591 	1572.8556  1
406	6954.9672 	-332.1462 	1972.8606  1
410	7014.7530 	  279.3539 	-1457.5032 1
411	7027.2403 	  248.5640	-831.2580  1
412	7027.1753 	  250.5487 	-230.9939  1
413	7028.4262 	  237.5559 	365.5707   1
414	7027.3911 	  238.4026 	970.9847   1
415	7025.0057 	  254.0452 	1571.8279  1
416	6957.0774 	  233.0137	1956.1091  1
420	7014.9388 	  850.0009 	-1455.1062 1
421	7025.7460 	  830.6669	-829.3761  1
422	7025.7336 	  827.8214 	-230.7902  1
423	7026.5862 	  816.8680	367.6907   1
424	7025.9768 	  813.0637 	970.4284   1
425	7024.2201 	  826.8023 	1571.9011  1
426	6959.5659 	  826.3408 	1972.9166  1
430	7015.3424 	1404.7159 	-1455.7298 1
431	7024.7325 	1405.3865 	-838.2860  1
432	7024.6611 	1409.2670 	-234.3365  1
433	7024.4429 	1416.5242 	369.3773   1
434	7024.1065 	1414.9804 	972.3267   1
435	7023.3684 	1422.3857 	1572.2965  1
436	6958.9462 	1420.5127 	1973.0277  1
440	7012.3219 	2049.3620 	-1450.5510 1
441	7022.9568 	2091.1118 	-829.2214  1
442	7023.3542 	2049.7185 	-229.9718  1
443	7023.1883 	2074.3591 	369.7293   1
444	7023.3589 	2064.0387 	971.0763   1
445	7022.6379 	2052.7630 	1572.6031  1
446	6957.2084 	2025.3569 	1947.7043  1
450	7012.3163 	2655.1839 	-1454.2800 1
451	7022.6122 	2669.5787 	-829.7300  1
452	7022.6446 	2665.0913 	-228.2616  1
453	7022.2845 	2678.1663 	370.8021   1
454	7022.6109 	2682.5932 	970.2558   1
455	7022.4576 	2685.6094 	1570.9414  1
456	6956.5493 	2651.6939 	1965.5608  1
460	7010.1306 	3255.9444 	-1453.9908 1
461	7021.4136 	3271.8248 	-831.1081  1
462	7021.5885 	3265.3643 	-227.6376  1
463	7021.4624 	3274.9141 	370.7078   1
464	7021.4797 	3273.3307 	972.6051   1
465	7020.7731 	3275.0588 	1570.5046  1
466	6956.5315 	3254.2761 	1945.0033  1
470	7008.7062 	3917.5510 	-1454.0714 1
471	7020.2715 	3894.2393 	-831.3671  1
472	7020.6290 	3895.2344 	-230.3495  1
473	7020.1269 	3874.9165 	370.0932   1
474	7019.9767 	3867.9740 	970.5230   1
475	7019.3098 	3860.1017 	1569.3714  1
476	6955.0529 	3848.9678 	1974.3887  1
480	7008.8850 	4491.0674 	-1453.9599 1
481	7019.5637 	4474.4808 	-831.4465  1
482	7019.2485 	4466.2034 	-229.5078  1
483	7018.8064 	4456.6249 	371.0218   1
484	7018.3169 	4475.0117 	969.3100   1
485	7016.9700 	4483.1132 	1571.8194  1
486	6953.4456 	4470.5231 	1962.8863  1
490	7008.2527 	5094.3029 	-1451.5810 1
491	7018.3485 	5096.6456 	-832.0748  1
492	7016.7288 	5080.7022 	-229.9686  1
493	7017.0365 	5075.2283 	368.8073   1
494	7017.1572 	5044.6235 	970.6028   1
495	7014.9255 	5033.0028 	1571.4664  1
496	6950.2755 	5032.6898 	1975.8653  1
500	7007.1429 	5672.9931 	-1450.0270 1
501	7016.9603 	5673.4916 	-831.9031  1
502	7014.4319 	5676.7581 	-232.6522  1
503	7014.5824 	5674.4631 	369.2628   1
504	7015.7931 	5676.1037 	968.2414   1
505	7014.5842 	5682.7849 	1567.5410  1
506	6948.3192 	5683.7395 	1964.0478  1
510	7007.1389 	6106.0708 	-1452.7045 1
511	7016.7883 	6113.3991 	-832.1167  1
512	7014.4052 	6104.2735 	-231.4137  1
514	7015.4732 	6101.8954 	966.9331   1
515	7014.6306 	6100.3860 	1566.3293  1