134 228.168947985921 419.0148611654282
133 261.40328006728345 1017.9470142977292
132 293.01084812623276 1559.5749506903353
131 324.9178635547576 2061.2603231597845
334 706.5771428571428 70.31142857142856
333 720.8503886010362 438.66774611398966
332 741.6271418779986 878.01576422207
11 748.3804537521816 1189.21815008726
12 777.6042921686746 1561.000753012048
13 807.5575187969924 1880.2917293233083
21 988.9632933104631 1189.4377358490567
31 1084.1754852432864 1270.570592927413
22 1018.9930045470444 1537.01888772298
32 1104.4003730183401 1671.8821883742617
23 1051.153086419753 1909.1643738977073
33 1129.899467585343 2042.901973066082
223 1263.2016293279023 300.428716904277
222 1278.6521739130435 879.8242169237961
41 1323.1861638241653 1339.2243574345423
42 1354.0283669818555 1785.5336059289548
220 1310.728115345005 1962.747167868177
43 1394.462401055409 2165.1253298153033
142 1594.9489247311828 1603.676523297491
441 1377.5926430517711 1105.350136239782
144 1566.6167711598746 408.32993730407526
143 1583.5735512630015 1025.9245913818722
343 1703.0979318734794 394.98783454987836
342 1712.4294913071474 866.7495170637476
141 1607.0771730300569 2125.0442729488223
340 1727.4319281271596 1728.077401520387
51 1790.1913897987833 1337.8118858212447
52 1814.9374374374374 1762.4104104104103
53 1844.3846153846155 2219.3045525902667
452 1915.8860450944546 518.2023156611822
451 1926.565159574468 1113.1329787234042
450 1917.6586183769282 1712.221327967807
61 2337.9303703703704 1350.0397883597884
62 2347.653880866426 1728.3199458483755
462 2513.1387249114523 517.340613931523
461 2515.942408376963 1123.1531413612565
460 2495.1092217135383 1729.2871157619359
71 2727.0384798099763 1268.850593824228
72 2728.4147785787845 1673.6740473738414
154 2856.7817403708987 401.1797432239658
153 2851.661630358398 1037.7266338721013
152 2839.7627651217595 1634.5168892380204
83 2969.9584021129085 1943.1690326840542
82 2965.5977995110024 1566.6207212713937
81 2961.1728998849253 1185.6651323360184
352 2938.2035190615834 879.4686217008798
353 2945.517568321249 398.446737311768
472 3157.3195299384442 521.387800783436
471 3141.611778846154 1133.1057692307693
91 3238.496590909091 1195.9048295454545
92 3235.9197795468463 1556.0058175137783
470 3148.7369380315918 1748.113608748481
93 3226.609819121447 1913.3355943152455
482 3755.567777777778 522.5494444444445
481 3738.508139534884 1142.7348837209302
480 3728.799469496021 1764.3411140583555
363 4046.424118548799 363.5406234031681
362 4022.2421109902066 877.1871599564745
361 3995.5233766233764 1370.0363636363636
360 3970.459335624284 1833.049255441008
