432 80.36829148202855 559.6494337764648
431 119.32033719704953 1189.6796628029506
430 161.90671641791045 1813.7404051172707
134 365.65925498123016 431.7848686110309
133 399.27154370737753 1088.5278983261005
132 435.16852264291015 1683.512249443207
131 470.80719178082194 2231.6345890410958
334 392.6945652173913 56.35
332 440.29057187017 933.9489953632149
331 469.88653366583543 1398.0872817955112
330 494.96530707923114 1822.6755743084857
442 768.5591120289107 544.4883840991224
441 840.3460674157303 1157.8415730337078
440 827.179721030043 1776.6448497854078
223 1333.8612565445026 305.9397905759162
222 1349.4740829346092 907.4932216905901
11 1177.2516835016836 1243.66189674523
12 1198.030193236715 1637.0048309178744
13 1220.7498457742136 1973.655459592844
221 1367.6625708884687 1494.8308128544422
220 1383.682000893256 2032.203215721304
21 1443.271322266743 1231.0538065254723
452 1407.6666666666667 533.1978142076503
450 1434.3892537313434 1751.5779104477613
22 1468.3106589735803 1593.1685393258426
23 1491.6389675794776 1980.943342776204
343 1505.7367567567567 405.06432432432433
342 1519.342873497424 887.4722381224957
31 1753.8873375060184 1303.117958594126
32 1764.4447028423772 1717.4144702842377
33 1778.5685737749795 2099.1226389269095
144 1873.9890430971511 414.8436815193572
143 1885.2002806032972 1039.8670641880042
142 1894.3420387531592 1627.235046335299
462 2011.259847148736 524.949441504997
461 2024.578282828283 1123.3926767676767
460 2018.1326591314694 1723.762046400952
41 2168.028675369142 1353.8974962550824
42 2183.8581065887115 1804.8839667191364
472 2621.438042131351 521.45229244114
471 2617.818897637795 1106.3149606299212
51 2696.431100478469 1323.7277511961722
52 2705.1914460285134 1740.1384928716905
53 2717.2298474945533 2187.5599128540307
353 2725.2838083687084 403.495451788963
352 2723.083386378103 863.0992998090388
154 3115.688589540412 404.27496038034866
153 3106.8274285714288 1004.2590476190476
61 3140.709755507141 1308.9038973614138
62 3134.8248825129854 1669.8003957457333
71 3333.509080590238 1218.1977866061293
72 3318.4234886649874 1599.2988035264484
81 3579.75 1134.43359375
82 3571.405048076923 1466.3289262820513
83 3556.160064672595 1796.7708164915118
363 3678.56082345602 368.50592638802243
362 3664.989549314174 832.2900065316786
361 3645.9723502304146 1278.8448540706606
360 3630.71949602122 1700.0928381962865
482 3153.997256515775 516.5274348422497
491 3695.6341463414633 1076.906743185079
492 3703.23488372093 513.9255813953488
502 4215.1247264770245 512.7986870897155
501 4182.4257871064465 1063.3793103448277
490 3676.532679738562 1640.226797385621
500 4157.70495333812 1615.2390524048815
